time,x,y,z,phi,theta,psi,x_velocity,y_velocity,z_velocity,phi_velocity,theta_velocity,psi_velocity,rotor_speed1,rotor_speed2,rotor_speed3,rotor_speed4
0.06,-1.97344435413e-07,-8.87293505749e-08,10.0038755555,6.28302286654,0.000193471460054,0.0,-1.75818286868e-05,-1.0913715279e-05,0.129178551831,-0.00876222550174,0.00899910146794,0.0,445.3246853328004,446.0599987307067,446.7881641726025,446.0733906188925
0.12000000000000001,-6.84523034594e-06,-5.67378784733e-06,10.0127778331,6.28242549139,0.000825297615127,0.0,-0.000258584850192,-0.000227307826215,0.167558762941,-0.0124581353208,0.0134295178493,0.0,416.8932892115302,417.28004143194033,416.9050345297644,416.5821549122813
0.18,-4.51148656216e-05,-4.01343042533e-05,10.0286294662,6.28189521181,0.00139872682444,0.0,-0.00109853829848,-0.000994365054903,0.360787089562,-0.00243483624747,0.000396885767238,0.0,466.8427249230898,465.8247698798858,464.453129850046,465.2385683205989
0.23999999999999996,-0.000138422533102,-0.00012475796272,10.0515131414,6.28159866889,0.00213497082518,0.0,-0.00205357567443,-0.00184654853532,0.401988039408,-0.0104997225963,0.0291357362148,0.0,416.49037428180617,418.9959208119499,418.5576370071462,417.8553636583785
0.3,-0.000309426202155,-0.000268573768777,10.0773429721,6.2809191832,0.00406764628454,0.0,-0.00382310295906,-0.00300984255165,0.458984107377,-0.0130280915966,0.0377436984317,0.0,422.3140072648029,423.0561584501074,423.8605651237881,423.6433711680993
0.36000000000000004,-0.000631489098966,-0.000498797274411,10.1078904452,6.28033257785,0.00600293711693,0.0,-0.00712971631235,-0.00473327966134,0.559219498596,-0.00395941301818,0.0180464041496,0.0,437.6510513763857,436.00915946593034,437.22274119613513,437.97763534050046
0.4200000000000001,-0.0012057645626,-0.000851084997432,10.1473668794,6.28011480656,0.00727098198781,0.0,-0.012149683157,-0.00703582048122,0.756550550463,-0.00297772797578,0.0266867775382,0.0,466.39859978576476,467.0728185484246,467.46698137137565,467.5435312236614
0.48000000000000015,-0.00208440787905,-0.00133432209309,10.1948650668,6.28018898761,0.00842687055128,0.0,-0.0172796849641,-0.0090759501311,0.826672720384,0.0085564211942,-0.00284629581069,0.0,429.9234404839643,427.4141651596322,426.6817492018371,427.6651641389389
0.5400000000000001,-0.00329772144029,-0.00193906286429,10.2477498249,6.28117503592,0.00880866886386,0.0,-0.0231789458277,-0.0110008027496,0.936068977625,0.0287805195676,0.0203134128178,0.0,439.622390394975,441.536915957935,439.76437263957143,441.4361225893607
0.6000000000000002,-0.00486308737767,-0.00263151244238,10.3054852235,6.28303119313,0.0107343684196,0.0,-0.0291552724438,-0.0119103898123,0.988398947912,0.0349308401685,0.0488626309039,0.0,419.96630764390903,422.43543428505643,423.3632754021073,423.89243862861974
0.6600000000000003,-0.00687932234124,-0.00334066175475,10.3708071246,0.00160583830896,0.0134809261148,0.0,-0.038383264703,-0.0114987044813,1.18880672482,0.0147411790155,0.0387530046403,0.0,469.815921299661,469.0326155066172,468.72654720294685,467.15528006295597
0.7200000000000003,-0.00949203618441,-0.00399131333594,10.4467292585,0.00225511398439,0.0159327089109,0.0,-0.0489675868865,-0.0101041538112,1.34175977521,0.00152608822651,0.0447794022264,0.0,454.53141675499563,455.01490201771054,455.40155456719936,454.34327489546047
0.7800000000000004,-0.0127667005182,-0.00455104487749,10.5300520572,0.00235106844188,0.0187655159606,0.0,-0.0604654457695,-0.00854434976579,1.43554844211,0.00174515773573,0.0516828855938,0.0,436.7516367825633,437.3283534182541,436.45934929833925,436.47759613990434
0.8400000000000004,-0.0168582443148,-0.00500692274332,10.6224862478,0.00244935521953,0.0220071978372,0.0,-0.0762894444191,-0.00664024974911,1.64530524729,0.00142314168195,0.0583465769503,0.0,472.0256081991854,472.5412648200862,472.68829423585163,472.6634449466983
0.9000000000000005,-0.0219152659884,-0.00535248542754,10.7247105923,0.00306971177303,0.0251052550319,0.0,-0.0926245097437,-0.00483768519509,1.76199120773,0.0239448431129,0.0327601620723,0.0,446.9098180886351,444.82119673656854,442.9522559556793,444.8002797015879
0.9600000000000005,-0.0279842963864,-0.005575448943,10.8328489414,0.00482096748397,0.026685088001,0.0,-0.109854012635,-0.00243527083296,1.84248789936,0.0380205175451,0.00861527728667,0.0,435.13320884660664,433.10752037909424,432.89939501907384,434.0823801254582
1.0200000000000005,-0.0351395381026,-0.0056112452258,10.9467816044,0.00710235876992,0.0273935873188,0.0,-0.128713739325,0.00147798514801,1.95507766235,0.0380285275166,0.0175318096562,0.0,444.2150532400352,444.945466647274,443.9514360874168,443.9527912810228
1.0800000000000005,-0.04349402692,-0.00535035680745,11.069304116,0.00946900991968,0.0285797733404,0.0,-0.149887855518,0.00747844425288,2.12869226371,0.0421343223192,0.023906684636,0.0,463.82246645829775,464.3227726016449,462.55090131366603,462.874822473495
1.1400000000000006,-0.0530865030725,-0.00469519362746,11.2001210355,0.0122253015978,0.0300533570602,0.0,-0.170005149447,0.0146298914408,2.2316676099,0.0526263787981,0.0258346777597,0.0,442.067858271894,442.22678142987945,442.10750032903354,442.9723281616236
1.2000000000000006,-0.0639209257417,-0.00354996225835,11.337211892,0.0148590494148,0.0322488818753,0.0,-0.191335081897,0.0238524070037,2.33780431406,0.0140226243475,0.0522766065572,0.0,442.5242998993552,444.6960434957041,445.531332374336,442.3648720102017
1.2600000000000007,-0.0760424034441,-0.00182591221632,11.4793302527,0.015667162417,0.0354640653041,0.0,-0.213016448785,0.0336932881372,2.3993330555,0.0123367498748,0.0560841640219,0.0,430.2580835019068,430.5823055744907,429.7376882917397,429.59465614635
1.3200000000000007,-0.089607335108,0.000538305584148,11.6273109814,0.0160408124585,0.0382832648845,0.0,-0.239484657066,0.0451733102307,2.53305393464,-0.0102388413341,0.0141352502232,0.0,456.08944273399084,452.72785065852764,452.77078420421316,450.9508548703673
1.3800000000000008,-0.104757690886,0.00357200492853,11.7819235769,0.0155936508575,0.0386995338099,0.0,-0.265590738733,0.0558941142342,2.62049783281,-0.00239321967693,-0.0141025969128,0.0,440.33220399398897,437.9899846785108,439.14418213461715,439.7945878901442
1.4400000000000008,-0.121651977447,0.00731222511661,11.9463263821,0.0150610636391,0.037891784797,0.0,-0.2974306967,0.0687357247797,2.85903136614,-0.026811965936,-0.0122120678845,0.0,484.750786048801,484.8929583827675,486.71174034978355,484.8808714708426
1.5000000000000009,-0.140393501984,0.0117856253111,12.1238723725,0.0133513008814,0.0366715441827,0.0,-0.327166581027,0.0801765399589,3.05865936501,-0.0320963589264,-0.0462273293755,0.0,476.60786900902144,474.0008943729907,475.19165255895007,474.78622563044155
1.560000000000001,-0.16087902585,0.0169026216469,12.3133129288,0.0114745487202,0.0343009588621,0.0,-0.35537114026,0.0901618372203,3.25549788643,-0.0296933031347,-0.0286518330625,0.0,474.1020468198776,475.4497658302326,475.8375474451994,476.0212024764662
1.620000000000001,-0.182957567652,0.0225597250055,12.5131462054,0.00914677717273,0.0328676609359,0.0,-0.380397194085,0.0981946720241,3.40518368523,-0.071694746567,-0.0157495190977,0.0,463.1754457495255,464.18900285157565,462.7726392918333,459.4534255510798
1.680000000000001,-0.20643366169,0.0286171310272,12.7196518433,0.00500274747323,0.0318600029841,0.0,-0.402039015557,0.10330319514,3.47812376688,-0.0642735414207,-0.0189701745365,0.0,439.94220186747765,439.67552246962913,438.96429910189323,439.5760327594601
1.740000000000001,-0.231206126003,0.0349025657219,12.9311029879,0.00110608246216,0.0307592919331,0.0,-0.423590778277,0.105818918479,3.56996976767,-0.0663204191812,-0.0171237021193,0.0,445.97363005721473,446.1244903822341,445.9563284855144,445.7860044584289
1.8000000000000012,-0.257187494783,0.0412580853813,13.1459994547,6.28037686436,0.0302156876303,0.0,-0.442387327908,0.105673477084,3.5931751339,-0.0631692096557,0.00351689145351,0.0,423.6641570183832,425.4353259975424,424.38989616136064,424.6569425852939
1.8600000000000012,-0.284378618219,0.0475233971122,13.3651769432,6.27662204257,0.0307202993573,0.0,-0.464013185353,0.102775697117,3.71235708951,-0.0614284598832,0.0167399425019,0.0,455.28837257373306,456.34504106253684,454.46355266853,454.6003299746086
1.9200000000000013,-0.312798393074,0.0535552913055,13.5888071977,6.2733334821,0.0322152741463,0.0,-0.483429267993,0.09797075182,3.74187995569,-0.0440830002036,0.0376304125143,0.0,426.93259111889677,428.71154358892215,426.68132221367165,428.15743277166365
1.9800000000000013,-0.342642606639,0.0591687647963,13.8211829481,6.27047425925,0.0343478922311,0.0,-0.511627172398,0.088809394651,4.00308225639,-0.0559700718076,0.0310052542141,0.0,497.85260754461876,497.3680084982025,498.4622623923134,497.5916395372
2.0400000000000014,-0.374057054505,0.0642235170044,14.064197358,6.26664966059,0.0361683895439,0.0,-0.535697448928,0.0793320376718,4.09704963933,-0.0876346271691,0.0289804291134,0.0,450.17197966194954,450.00838043292606,451.79766075010525,449.23390137177154
2.1000000000000014,-0.406891208865,0.0686533828692,14.3111548143,6.26118585387,0.0375355814315,0.0,-0.558919824861,0.0678357060487,4.13471188029,-0.0989901749026,0.00599903579978,0.0,434.49722187598525,432.566132219371,433.3928916975209,432.43003071654994
2.1600000000000015,-0.441148226035,0.0722839210007,14.5605849364,6.25571870255,0.0377362475482,0.0,-0.583004912485,0.0526536178986,4.17944706479,-0.0787880909864,-0.0025782097936,0.0,436.2406451800573,435.5237215679905,434.93307378211773,436.61454935143365
2.2200000000000015,-0.477092341373,0.0747241747467,14.8190344753,6.25137358311,0.0375424558028,0.0,-0.615078378399,0.0281516868352,4.43456305777,-0.062027050746,-0.00456619852239,0.0,499.07476728815215,498.9297019504769,498.7296655099874,499.9489224860041
2.2800000000000016,-0.51474844903,0.0757693887142,15.0872507071,6.24841518219,0.0368871891627,0.0,-0.640078261217,0.00637941760799,4.50568722237,-0.0315923465598,-0.0283410026845,0.0,446.863986858562,444.92160073063746,446.1816248036663,448.6579376940848
2.3400000000000016,-0.553831280183,0.0755095240701,15.358193862,6.24650581137,0.0355050864744,0.0,-0.662547852841,-0.0152096213844,4.52566887767,-0.0322877893488,-0.0141115621089,0.0,430.24908450600003,431.4521775643778,431.06969291896473,431.01051496697943
2.4000000000000017,-0.594470093556,0.0736792348044,15.6368156886,6.24430878416,0.0347247292062,0.0,-0.691951401378,-0.0460137218467,4.76076371028,-0.0471024611961,-0.0108817040716,0.0,495.93003031234696,496.1673684990439,496.74887601605116,495.6607233162797
2.4600000000000017,-0.636642608383,0.0701848981015,15.9233901861,6.24137290799,0.0341689334081,0.0,-0.71374420549,-0.070722539156,4.79157757955,-0.0528642115622,-0.00620835307609,0.0,436.7920473895412,437.1817838725665,436.68688813881965,436.20439765840166
2.520000000000002,-0.680191749177,0.0650568316402,16.2140725985,6.23849648752,0.0340729951874,0.0,-0.737860330167,-0.100502619111,4.89736889509,-0.0395686696043,0.00631372067973,0.0,459.7171029083639,460.70840261027024,460.15544680585225,461.2055114639505
2.580000000000002,-0.725171522958,0.0581088105307,16.510579437,6.2365011796,0.034150462408,0.0,-0.761482047319,-0.131296353818,4.98579029279,-0.022935795816,-0.0113570238874,0.0,456.6181027719628,455.2060459600819,455.6135026002797,456.9410923083555
2.640000000000002,-0.77155035804,0.0492994787112,16.8118947903,6.23526634211,0.0331115727729,0.0,-0.784393689961,-0.162459506906,5.0577281061,-0.016243864801,-0.0332084357625,0.0,453.0086391506075,451.2479124812401,451.25284237715425,451.7928090029988
2.700000000000002,-0.81939770071,0.0384259122697,17.1211016496,6.23478423627,0.0315884231367,0.0,-0.810297535576,-0.2000305498,5.24830632454,0.00472024158292,-0.0131089913464,0.0,487.56246103140643,489.06189380912053,486.69232133835015,488.2591567025318
2.760000000000002,-0.868523325468,0.025669882724,17.4339277757,6.23512623211,0.0305504759222,0.0,-0.827170166656,-0.225160852277,5.17954429835,0.00759071888706,-0.0273746107337,0.0,409.3129615134222,408.04120121275713,408.2376969491308,408.49370146082947
2.820000000000002,-0.918800330952,0.0111644717364,17.7477806156,6.23546714593,0.0284172857182,0.0,-0.848540060612,-0.258289216017,5.28175190827,0.00156109342794,-0.0617542235514,0.0,464.22466380054084,461.51792232710613,463.16908379423586,462.6944673994396
2.880000000000002,-0.970327118611,-0.0053545182518,18.0684288291,6.23555487223,0.0245359810532,0.0,-0.868614202215,-0.29230731467,5.40595513959,0.00126337278905,-0.0713155440006,0.0,470.21183909059556,469.4675811530596,471.0584324656083,471.03537396527224
2.940000000000002,-1.02295895662,-0.0238801295267,18.3958420593,6.23557677107,0.0203951303024,0.0,-0.885350171295,-0.325186179801,5.50735098542,-0.00149539738921,-0.0647706750569,0.0,464.91347134145724,465.42268120694666,464.41698874883286,464.20051165482187
3.000000000000002,-1.07641200482,-0.044135364396,18.7242347995,6.23562999771,0.0162682777418,0.0,-0.896127079415,-0.350006509625,5.4394151596,0.00527095211875,-0.0783282337345,0.0,412.2358814042766,411.0318117446675,411.06894560021533,411.66821371813256
3.0600000000000023,-1.13049294676,-0.066019492686,19.0515268924,6.23600336494,0.0114100381432,0.0,-0.90614239164,-0.37942782434,5.47019391586,0.0080616311141,-0.0868582798631,0.0,443.53071523496124,442.82412237555457,443.0446901043158,443.27401521059727
3.1200000000000023,-1.18511738754,-0.0898065987535,19.38375139,6.23690272198,0.00611355567699,0.0,-0.914116434402,-0.413371212917,5.60333543446,0.0261251740065,-0.0912675534845,0.0,474.79934934774616,474.4549519062506,474.1244697969718,475.5103673588016
3.1800000000000024,-1.24007142547,-0.115285691098,19.7169787208,6.23862188993,0.000991263793445,0.0,-0.917315364984,-0.435837689849,5.50475077096,0.0332805927069,-0.0756255119412,0.0,401.07653092598866,402.48800745676215,401.5979619203533,402.2469300059922
3.2400000000000024,-1.29514731052,-0.142303197782,20.0491792857,6.24048591893,6.27937410125,0.0,-0.918107829621,-0.464549152054,5.56831866301,0.0262264333539,-0.0907799774292,0.0,454.0316755565851,452.80887155588255,454.7101015504854,454.14485276644643
3.3000000000000025,-1.35016081316,-0.171142111534,20.3883458613,6.24249851017,6.27428506923,0.0,-0.91510203166,-0.496512818184,5.73643146069,0.045180499068,-0.0749791673133,0.0,484.44993090317655,485.63139629831164,485.6706768001792,487.0907519246597
3.3600000000000025,-1.40492771149,-0.201668635688,20.7330975907,6.24504746956,6.26995525848,0.0,-0.910073118903,-0.520801976265,5.75522461331,0.036454017806,-0.0670579876867,0.0,440.8801010873883,441.5301255787797,443.4962777411627,442.7797888945718
3.4200000000000026,-1.45930613709,-0.233637756771,21.079753652,6.24738238415,6.26604278173,0.0,-0.902178211725,-0.544619467097,5.79977414708,0.0434308898233,-0.0617448320176,0.0,451.15933499389826,451.5851241014206,449.1830117091525,449.74928014921994
3.4800000000000026,-1.51309003051,-0.267087922951,21.4318281764,6.25018814605,6.26260572241,0.0,-0.890253343358,-0.570076344369,5.93537134675,0.0527072744271,-0.0495965099491,0.0,476.8822051321131,477.8073577376878,478.997535949093,479.70370108160273
3.5400000000000027,-1.56623014113,-0.301783826528,21.785276335,6.25378894628,6.25977500411,0.0,-0.880861013801,-0.586222250041,5.84671383098,0.0716345920527,-0.042736569333,0.0,409.0845253198046,409.6934942232673,407.36784956560854,409.06002001615184
3.6000000000000028,-1.61872926534,-0.337436603693,22.1349294296,6.25815463819,6.25685892079,0.0,-0.868885390478,-0.601863417153,5.80860838188,0.0749240217644,-0.0641455160193,0.0,424.86828234431954,423.02664432913093,425.42229165190184,425.70826721642146
3.660000000000003,-1.67034059846,-0.374061961819,22.486643235,6.26230292222,6.25268862658,0.0,-0.851100596429,-0.618528456325,5.91467086436,0.053884386333,-0.0832623743395,0.0,470.8774166475259,469.39242580676057,469.76992203764127,468.1385843845485
3.720000000000003,-1.72081205388,-0.411595296763,22.8441565612,6.26573551576,6.24767309303,0.0,-0.830798731681,-0.632246133766,6.00200981067,0.0631438876524,-0.0842597881758,0.0,464.1854814218046,464.1018104591985,465.4107262739955,466.1370838387771
3.780000000000003,-1.77002463626,-0.449853866442,23.2052647292,6.26909800439,6.24293544221,0.0,-0.809180484218,-0.642708910969,6.03477946952,0.0354546476289,-0.0700511538281,0.0,448.68574416797753,449.8330256892831,450.01651244398124,447.7710917822009
3.840000000000003,-1.81797905971,-0.488643005232,23.5653231526,6.27149435443,6.23917111715,0.0,-0.788979682877,-0.650096585055,5.96753392545,0.0476638686721,-0.0511097704824,0.0,416.98882478032834,418.6373216278556,415.60435807020883,416.67425558740615
3.900000000000003,-1.86463265193,-0.527845327918,23.9220765241,6.2741503747,6.23603308813,0.0,-0.765875770494,-0.656431790619,5.9244792416,0.0364224397457,-0.0547941088567,0.0,424.187003576711,423.8685029345274,424.95484152990394,423.99112648092927
3.960000000000003,-1.9096987561,-0.567412946639,24.2793577904,6.27725011481,6.23282462176,0.0,-0.736026632096,-0.662227744059,5.98459218147,0.0717399135346,-0.0509586624795,0.0,456.95053719614214,457.2544436746263,454.7932974314885,457.6152943698332
4.020000000000002,-1.95277102332,-0.607275881602,24.642997616,6.28233491001,6.22952738898,0.0,-0.699404600753,-0.666018208853,6.13595080512,0.102739015004,-0.0644597731267,0.0,485.93847103623693,484.9233706739141,482.3834246171685,484.7239721622246
4.080000000000001,-1.99391631148,-0.647250419384,25.0093647639,0.00531364242308,6.22718692223,0.0,-0.671855708128,-0.665992931911,6.07661958648,0.102723956031,-0.0114936821163,0.0,418.15362402840293,422.7418887441083,420.9501595750714,420.9586654247641
4.14,-2.03323408746,-0.687111333157,25.3747185091,0.0113484925067,6.22609759199,0.0,-0.63865655341,-0.662159879109,6.10171547289,0.0959114800428,-0.0368250999503,0.0,449.30189601909996,447.2430190580941,446.6747254220518,446.1273703192436
4.199999999999998,-2.07054554128,-0.726637011732,25.7413636499,0.0170539677587,6.22444245048,0.0,-0.604884883636,-0.654857309274,6.11969955971,0.0933994784939,-0.0136032166462,0.0,444.1399382398772,446.04055569660125,445.728228342562,445.53050513028575
4.259999999999997,-2.10586301759,-0.765641411483,26.1080614411,0.0225345434384,6.22347660441,0.0,-0.572272472974,-0.644824509282,6.10364774665,0.0868786085,-0.0216213478911,0.0,434.55556862048866,433.8828571113865,435.4106780965448,434.87186542653563
4.319999999999996,-2.13916711206,-0.803937473192,26.4744157104,0.0280018791415,6.22294082724,0.0,-0.537780013282,-0.631247252072,6.10813570874,0.098482040755,0.00876118913943,0.0,440.0349839739593,442.5435262591813,440.41315668668864,441.3790194210558
4.379999999999995,-2.17023321365,-0.841242889697,26.8437178626,0.0338414943071,6.22342430448,0.0,-0.497823680245,-0.611694065412,6.20143379395,0.0949123161878,0.00661298892348,0.0,468.19536803359694,468.02805022053565,469.23579110332264,468.96609486897773
4.439999999999993,-2.19896785413,-0.877292134,27.2176246475,0.0394707452761,6.22367744285,0.0,-0.460035916129,-0.589419405584,6.26179144898,0.091545090434,-0.0010599939024,0.0,459.78217227853577,459.17367261977614,459.93640512218724,459.67671799951205
4.499999999999992,-2.22541144609,-0.911879917702,27.5955626868,0.0451965978362,6.22328311328,0.0,-0.421410484334,-0.562975703174,6.33572672137,0.102243327744,-0.0208657974348,0.0,464.762454984223,463.2073023907588,464.51092205280656,465.35654148605636
4.559999999999991,-2.24969250631,-0.94489590529,27.9751247476,0.0515436057457,6.22207786833,0.0,-0.387838583799,-0.537029193661,6.31643340666,0.112055823498,-0.018574532062,0.0,435.3665835371208,435.5583125278996,436.4948473405517,437.323092681101
4.6199999999999894,-2.27187881122,-0.976195683555,28.3544770384,0.0580473233902,6.22116405074,0.0,-0.351609473784,-0.505714210897,6.3285546826,0.0998371730968,-0.00926440117641,0.0,444.98167717592014,445.7434266901842,447.18747678028154,446.2010586568303
4.679999999999988,-2.29196079423,-1.0055840824,28.7331692619,0.0640958145743,6.22072339792,0.0,-0.317727529724,-0.473394371497,6.29468009955,0.10268127773,-0.00375654353406,0.0,431.0357743657776,431.50120959166946,431.51093492185913,431.76011755807895
4.739999999999987,-2.31012275115,-1.03305822813,29.1078970896,0.0701984548817,6.2210663959,0.0,-0.287635033169,-0.441929637403,6.19675237632,0.0996968617474,0.0199717632113,0.0,408.4164811938174,410.5278534498641,409.92695106975117,409.67151364796524
4.799999999999986,-2.32629120438,-1.0583319308,29.4798677966,0.0762949165486,6.22200299864,0.0,-0.251400083839,-0.399996120813,6.20220598354,0.105176204587,0.00502537636513,0.0,443.8085137432876,442.5796983983244,442.0491043355576,442.50946739112294
4.859999999999984,-2.3402497668,-1.08091896816,29.8529412072,0.0824103148533,6.22278841831,0.0,-0.213939504066,-0.352344920637,6.23336182057,0.0944676865181,0.0256688237507,0.0,449.8164200531873,451.48531754899386,451.7623831531009,450.9067026467393
4.919999999999983,-2.35212984078,-1.10074612858,30.2253456513,0.088316807844,6.22406391354,0.0,-0.182150027723,-0.308072491655,6.18036171137,0.105389520999,0.0105275548347,0.0,425.4643384159117,424.1657350910981,423.3502968085139,424.2980024540194
4.979999999999982,-2.36216729395,-1.11789325844,30.5937401921,0.0945146809048,6.22445963913,0.0,-0.152438783444,-0.262984231186,6.09983576666,0.098751036477,-0.00273493178883,0.0,415.5578073480447,414.393256608876,414.37025932720326,413.79624603166405
5.0399999999999805,-2.37028489233,-1.1320138797,30.9596597142,0.10050708379,6.22455089563,0.0,-0.118138871688,-0.207179314407,6.09743104879,0.102026904654,0.00890433598027,0.0,439.0750272921532,440.0397752251863,439.3882669554454,439.66853118252857
